0.08600115776062012
0.07799839973449707
0.08199858665466309
0.08099889755249023
0.08600044250488281
0.07899975776672363
0.07799744606018066
0.08163166046142578
0.09001040458679199
0.08000540733337402
0.07599997520446777
0.08299875259399414
0.08299946784973145
0.08799934387207031
0.1230015754699707
0.09600830078125
0.09699869155883789
0.08299732208251953
0.07999801635742188
0.07699847221374512
0.0749959945678711
0.08899426460266113
0.1249995231628418
0.08599567413330078
0.09299612045288086
0.08496284484863281
0.07899808883666992
0.08399820327758789
0.07700061798095703
0.0900115966796875
0.07899904251098633
0.0969991683959961
0.10400176048278809
0.09900188446044922
0.10400199890136719
0.09999942779541016
0.08599734306335449
0.0910029411315918
0.09599924087524414
0.10398650169372559
0.07899975776672363
0.08099746704101562
0.07714581489562988
0.13700103759765625
0.07499837875366211
0.07899808883666992
0.08600234985351562
0.1210014820098877
0.08099865913391113
0.07999944686889648
0.08199810981750488
0.08300256729125977
0.12900233268737793
0.08100080490112305
0.08899807929992676
0.11200165748596191
0.07899761199951172
0.08600068092346191
0.1490013599395752
0.10199975967407227
0.14599275588989258
0.11400318145751953
0.1280050277709961
0.11199283599853516
0.13299894332885742
0.11401176452636719
0.10399889945983887
0.13000082969665527
0.12400579452514648
0.1130068302154541
0.11699700355529785
0.09499979019165039
0.10499858856201172
0.0972757339477539
0.12399959564208984
0.095001220703125
0.12999916076660156
0.10100007057189941
0.12742185592651367
0.09699845314025879
0.12599992752075195
0.09299874305725098
0.14499926567077637
0.1230013370513916
0.0911862850189209
0.09199905395507812
0.14000153541564941
0.10499906539916992
0.09699892997741699
0.11799860000610352
0.11099052429199219
0.09899759292602539
0.09700298309326172
0.08799910545349121
0.09400033950805664
0.10800051689147949
0.15000247955322266
0.10042452812194824
0.09000158309936523
0.11299824714660645