0.018003225326538086
0.01800084114074707
0.026987314224243164
0.018001079559326172
0.020001649856567383
0.0209958553314209
0.016996145248413086
0.008955001831054688
0.017052412033081055
0.006066083908081055
0.020008087158203125
0.013983488082885742
0.014951467514038086
0.009042978286743164
0.03000640869140625
0.022998809814453125
0.016060829162597656
0.023996829986572266
0.017002344131469727
0.02500176429748535
0.008978605270385742
0.009998083114624023
0.019998550415039062
0.019037723541259766
0.010032415390014648
0.01198434829711914
0.02401900291442871
0.014002084732055664
0.010052204132080078
0.016052722930908203
0.01799941062927246
0.013061761856079102
0.014008760452270508
0.017995834350585938
0.016000032424926758
0.02295398712158203
0.023042678833007812
0.027002811431884766
0.02199721336364746
0.026052236557006836
0.013052940368652344
0.023000478744506836
0.03200125694274902
0.037012338638305664
0.01994633674621582
0.02199840545654297
0.01705169677734375
0.031000375747680664
0.0229949951171875
0.028995513916015625
0.023999691009521484
0.027995824813842773
0.017002344131469727
0.03100442886352539
0.021002531051635742
0.024001121520996094
0.02399754524230957
0.017000198364257812
0.012051105499267578
0.028002023696899414
0.02302384376525879
0.023012399673461914
0.02295064926147461
0.032056570053100586
0.024950265884399414
0.02700209617614746
0.019000768661499023
0.0340118408203125
0.02100205421447754
0.013002157211303711
0.02300119400024414
0.01903700828552246
0.0240018367767334
0.020005464553833008
0.017001867294311523
0.03106093406677246
0.02904820442199707
0.021999120712280273
0.017002582550048828
0.018001794815063477
0.025000572204589844
0.0189969539642334
0.024948835372924805
0.024037837982177734
0.021000146865844727
0.018001079559326172
0.008999109268188477
0.014961719512939453
0.036005496978759766
0.024999141693115234
0.025986433029174805
0.016983985900878906
0.019009113311767578
0.03300023078918457
0.027004718780517578
0.02301168441772461
0.024010658264160156
0.02100372314453125
0.012006759643554688
0.027998924255371094