0.032959699630737305
0.03498554229736328
0.025999784469604492
0.04399991035461426
0.028005361557006836
0.032998085021972656
0.027003049850463867
0.026049137115478516
0.03400063514709473
0.027999401092529297
0.034999847412109375
0.0250546932220459
0.026951074600219727
0.02898406982421875
0.02703118324279785
0.03400087356567383
0.04901123046875
0.031038284301757812
0.06299591064453125
0.028999805450439453
0.0319979190826416
0.057999610900878906
0.03205108642578125
0.03699779510498047
0.03999495506286621
0.02500295639038086
0.03500223159790039
0.04294610023498535
0.031000614166259766
0.025989770889282227
0.03403496742248535
0.027005672454833984
0.025002717971801758
0.028950214385986328
0.03099989891052246
0.03404688835144043
0.04000258445739746
0.030000925064086914
0.02748894691467285
0.034998416900634766
0.02700662612915039
0.029003381729125977
0.039000749588012695
0.029964923858642578
0.029000520706176758
0.03100419044494629
0.027964115142822266
0.02903604507446289
0.027949810028076172
0.0540013313293457
0.028009891510009766
0.027998685836791992
0.030998945236206055
0.029001712799072266
0.03200173377990723
0.029050111770629883
0.03600454330444336
0.025000572204589844
0.023999691009521484
0.025998830795288086
0.0279998779296875
0.033945560455322266
0.02903914451599121
0.025991439819335938
0.026000499725341797
0.0260007381439209
0.027050495147705078
0.025954484939575195
0.0280153751373291
0.025997400283813477
0.025952816009521484
0.029999971389770508
0.024943828582763672
0.025051116943359375
0.025998353958129883
0.03900003433227539
0.02505207061767578
0.02539801597595215
0.02594470977783203
0.04199790954589844
0.024958372116088867
0.02900099754333496
0.025965213775634766
0.026947975158691406
0.026000261306762695
0.028986454010009766
0.030968666076660156
0.02600860595703125
0.02694416046142578
0.03702998161315918
0.029003620147705078
0.026998281478881836
0.024949073791503906
0.023998737335205078
0.024997234344482422
0.02594923973083496
0.024945735931396484
0.024999380111694336
0.024998903274536133
0.02996373176574707