0.042998552322387695
0.0449984073638916
0.04399871826171875
0.04800057411193848
0.06400179862976074
0.018003463745117188
0.04400157928466797
0.062000274658203125
0.04704618453979492
0.04599905014038086
0.04799914360046387
0.02096843719482422
0.04430103302001953
0.04596757888793945
0.04305076599121094
0.055005788803100586
0.07800436019897461
0.04404759407043457
0.044049978256225586
0.04798436164855957
0.05100250244140625
0.04400324821472168
0.04398322105407715
0.04700446128845215
0.04402875900268555
0.04705405235290527
0.05299639701843262
0.04605436325073242
0.04496407508850098
0.046003103256225586
0.051011085510253906
0.056000471115112305
0.044043779373168945
0.0439457893371582
0.04504656791687012
0.04300045967102051
0.04994535446166992
0.04294776916503906
0.06400060653686523
0.06417465209960938
0.05300021171569824
0.048996686935424805
0.06503701210021973
0.046944618225097656
0.04293942451477051
0.020174026489257812
0.05100297927856445
0.0489957332611084
0.0540003776550293
0.05500316619873047
0.04999852180480957
0.04599595069885254
0.04899764060974121
0.07199668884277344
0.05099916458129883
0.054001569747924805
0.048996925354003906
0.04494428634643555
0.043997764587402344
0.047057151794433594
0.044998884201049805
0.05105257034301758
0.04600167274475098
0.05099797248840332
0.06999850273132324
0.05098724365234375
0.04106545448303223
0.04238104820251465
0.04199624061584473
0.042952537536621094
0.057999372482299805
0.04300355911254883
0.04304671287536621
0.04398655891418457
0.04300642013549805
0.04394841194152832
0.01999831199645996
0.04304981231689453
0.04105019569396973
0.04199671745300293
0.04299783706665039
0.04200005531311035
0.04299759864807129
0.04400134086608887
0.04199934005737305
0.04198312759399414
0.04300069808959961
0.04399871826171875
0.042009830474853516
0.04205131530761719
0.04299569129943848
0.04099535942077637
0.04299783706665039
0.0429987907409668
0.041999101638793945
0.04995393753051758
0.04099845886230469
0.0410006046295166
0.04199790954589844
0.04199862480163574